12006362
2830303
20532144
1606324
478492
5704206
688780
482250
1907781
113304
4191731
496432
4190064
1847735
146332
1168040
1589828
3150424
407808
123086
2118073
118172
1183541
4787887
578718
9577053
409539
1099224
1744303
1470512
495005
3469181
5676084
24968678
465047
14631157
777430
1288721
454204
10176006
2684864
7236545
460003
203662
3453168
10849747
6564002
344431
995117
1477674
1527826
227869
4057159
218471
2127613
352323
5846999
4574770
2959983
696494
10985401
4080168
3985755
318759
345688
2808169
382858
13829658
656928
905130
267496
252489
344812
1606852
799659
1960280
854331
10705261
1947605
3753991
2219729
7460246
4392553
8100289
3009877
310063
432371
931939
443344
1482461
878782
2237343
2913534
215715
296844
196939
4728162
1979564
1152510
543331
1659574
315476
347104
5756032
6790654
1080146
2614994
2730268
260083
645730
6699165
338815
8309817
3907636
1555620
760543
532339
2419663
3747548
1438821
8534000
1467962
3825149
169936
723637
3115647
261632
7606353
1573734
1604085
757889
9451245
11603801
181636
152972
723029
11080675
140534
208376
475579
4300475
2673719
265232
363343
5173567
133685
241221
3474182
190480
156284
370119
134246
240002
1259665
8208584
741639
9062565
5473132
3092388
10360332
1974339
14611690
5369107
557296
1031266
18358395
65947
2303040
1118689
4044918
1157005
1377185
3982037
1278280
5428620
5490404
15069342
415808
550952
2270222
2108603
190173
3336987
1027455
8822639
370315
33141533
537101
27702057
1133108
2084401
3286654
382791
1150555
697079
510573
9407808
305449
4350039
313847
613215
20715997
4361985
73652
15670373
442742
19689228
5696880
1225553
15587651
1820641
1797318
1043858
472074
178691
815214
15194207
3139692
195811
1226326
8752370
8848090
568208
334697
9110443
180539
4498324
271951
2253181
1806370
111607
132219
2599852
6821316
5021788
16363823
360299
1367847
257890
562311
317230
958174
2181106
654679
13313789
5726306
11603279
142556
401384
3277601
