1.128717852865559479e-01
-8.786025693908241507e-01
7.544993703393338969e-01
1.593738509299218453e-01
8.569827941437335728e-01
2.765178145561568712e-01
1.616036736974114651e-01
9.298183462768596641e-01
9.919610863891599184e-01
8.816572059576683884e-01
1.029915855922834300e+00
7.787664443968791983e-03
-6.772094280915652575e-01
4.887214401640909145e-01
-1.136473494724548061e-01
6.463822480693988126e-01
4.656894174173814571e-01
7.497799912082463436e-01
-6.528419016385047513e-01
-5.690773717788246699e-01
-2.316783387538379202e-01
-5.682710834111510678e-01
1.281419119114524108e-01
-8.325204969757358242e-01
-9.135833241344313294e-01
-9.108193393904775448e-01
-5.506163770328029727e-01
-5.867420294390424118e-01
-6.133110326866031414e-01
6.808697294497960684e-01
5.097513798250556949e-01
1.059286849160362642e+00
2.015630330417792493e-01
-9.476261440535083125e-02
3.748339123003603390e-01
9.206562367530564117e-01
1.002103904843458793e-01
7.495659541190928810e-01
-4.777620609786872308e-01
6.824872628437845812e-01
-5.201614280877500107e-01
-1.569012063317813954e-01
-2.180318199403599166e-01
-6.130301148405834510e-01
3.688637356456787586e-01
9.357476583852926133e-01
7.394897841500316371e-01
4.497553344918205909e-01
9.203059789570312565e-01
-7.320623763851674681e-01
8.690436292141421326e-01
6.779930309229341701e-01
-9.198633193483818360e-02
-8.598227030310278546e-03
3.110366279470056505e-01
2.677211110196412447e-01
4.473783888281926413e-01
-9.942566653112343555e-01
-5.183727207620698607e-01
1.024491887518117039e+00
1.037869635027199866e+00
-5.483813149377074758e-01
-8.969824662549896743e-01
-2.627921009899480964e-01
8.821609539014074741e-01
5.522054299025018764e-01
8.973083096922769286e-01
-5.584730907406503242e-01
5.350337836173402195e-01
6.607217891340981808e-01
-6.650366892138457331e-01
1.244561016157822997e-01
-8.909614677883936906e-01
9.358778323919554332e-01
7.063108031410116894e-01
5.430135285479296137e-01
2.853690108859778807e-01
-9.478587568490630666e-01
2.328278737470778625e-01
1.147216372604262791e-01
2.116375172029500984e-01
-7.167712665346321899e-01
-9.249301804978653507e-01
5.488539993013361595e-01
-1.932463936695576479e-01
-8.458850707341907249e-01
-2.586093840234582331e-01
7.563953826429745675e-01
9.123295701672344826e-01
-4.993063452192103568e-01
-7.953794783162368986e-01
-3.766062530219222992e-01
8.695184130838464753e-01
3.552748692153853693e-02
1.057574759859892355e+00
2.248451836607010534e-01
-8.763423434978623305e-02
-8.751001842057792857e-01
-9.845812143737328048e-01
6.841048570787096050e-01
-7.645767596784538433e-01
6.308163394192076168e-02
9.130504691927856520e-01
3.061040103096617782e-01
8.013395958833320343e-01
-9.791399262456035313e-01
-5.515919499008132831e-01
-2.704720596424792234e-01
7.546908664750127116e-01
-8.092745005804662384e-01
4.448485282660108453e-02
-8.880827438924372430e-01
4.949296084624448255e-01
6.769527155860268763e-01
-9.128144064467109686e-01
-8.964110229677908492e-01
4.041026092463711472e-01
1.149506285227062108e-01
4.039584051604094839e-03
5.127154094052990274e-01
-4.341715981877651842e-01
1.862092281686774653e-01
2.041879073360419738e-02
-3.285379467955671373e-01
3.055276777715052461e-01
-2.559600306314955276e-01
-4.197806381655606600e-01
5.987961187830210807e-01
-7.943543381172668560e-01
1.053776934988992275e+00
1.783133761898199054e-01
1.554559378537029302e-01
-3.283140269356081831e-01
2.052158582302006096e-01
4.491976060380614699e-02
1.462033375015397985e-01
-9.356877161642951357e-01
-8.247470137363812626e-01
9.102449628589752706e-01
1.026582861134230917e+00
-5.973163230589406680e-01
-9.747447408739069452e-01
7.157163812116990043e-01
8.576152467854969430e-01
-5.514188389487890696e-01
-7.207485272461227055e-01
2.680612294083704050e-01
-7.093745091028846872e-01
-7.591938601530054953e-01
4.082553006717315469e-01
-9.853975605026659146e-01
-7.739555654309295818e-01
4.831726780360074969e-01
5.290849021148726905e-01
9.313304355783941224e-01
-7.190956477007688363e-01
-6.269654025664799235e-01
4.851354575894163412e-01
4.659932890637676905e-01
2.730176336564962836e-01
9.538825963607422409e-02
-2.394386548586444619e-01
9.797815045345159568e-01
6.645270457861671143e-02
6.153249177644681822e-01
-9.317982510066125101e-01
-6.948467575936376761e-01
-3.008789422386044521e-01
9.425318768936018499e-01
-6.724345646840399482e-01
1.627475589278191137e-01
8.861893381957537397e-01
5.126162222082228936e-01
4.574917787587748919e-01
7.819842776826719799e-01
-7.106431986744361495e-01
-1.916562874373717307e-01
7.534745872533167299e-01
-1.344748840049598826e-01
-6.708886636250470659e-01
4.450276657862610452e-02
3.300845806270551464e-01
-6.354322552492450704e-01
7.562689265095692281e-01
2.546356265894083037e-01
-8.420310856719623871e-01
-9.555837796303876530e-01
4.196287920479733202e-01
-6.365406748784145918e-01
2.939017104531769786e-01
7.735346267763922867e-01
-9.718890132747275423e-01
3.302352775898498294e-02
8.225236740301049565e-01
6.862268197774485934e-01
3.015216248422287748e-01
1.364432649846186729e-01
-5.928198080723303676e-01
3.132801851379056757e-01
1.038496552847663956e+00
